0.0
0.34
0.044
0.3172
0.0212
0.0212
0.4318
0.1358
0.1358
0.0
-0.296
-0.592
-0.888
-0.888
-0.888
-0.888
-0.888
-1.184
-1.184
-0.6584
-0.6584
-0.6584
-0.6584
-1.105
-0.6462
-0.6462
-0.6462
-0.6462
-0.6462
-0.6462
-0.6462
-0.6462
-0.6462
-0.6462
-0.6462
-0.4199
-0.4199
-0.4199
-0.4199
-0.7159
-0.7159
-0.7159
-0.3547
-0.3547
-0.3547
-0.3547
-0.3547
-0.2267
0.1345
0.8609
1.3197
1.3197
1.3197
1.9191
1.9191
2.2591
2.2591
2.2591
2.2591
2.2591
2.2591
2.2591
2.2591
2.2591
2.2591
2.6806
2.6806
2.6806
2.6806
3.564
3.564
3.564
3.564
3.564
3.564
3.564
2.8637
2.8637
2.8637
3.3893
3.3893
3.3893
3.8481
3.5521
3.399
3.399
2.9524
3.3136
3.3136
3.3136
3.8242
3.8242
4.6833
4.6833
5.0445
5.0445
5.0445
5.0445
5.0445
5.0445
5.0445
5.0445
5.0445
5.466
5.8272
6.2354
5.9394
6.5253
7.1622
6.8662
6.8662
6.8662
7.5931
7.5931
7.5931
7.2971
8.1562
8.1562
7.8602
7.8602
7.8602
7.8602
7.8602
8.4726
8.4726
8.4726
8.4726
