0.0
0.0
0.0
0.0
0.0
0.6476
0.6476
0.6476
0.6476
0.6476
1.0294
1.0294
1.0294
0.7334
0.7334
0.7334
0.7334
1.2653
1.2653
1.2653
1.2653
1.2653
1.2653
1.2653
1.2653
1.2653
1.2653
1.4676
1.4676
1.4676
1.9943
1.9943
1.342
1.342
1.046
1.6936
2.2203
2.2203
2.2203
2.2203
2.2203
2.2203
2.2203
2.2203
2.2203
3.1037
3.1037
3.1037
3.1037
2.4034
2.4034
2.7852
2.7852
2.7852
2.4892
2.4892
2.4892
2.4892
2.9107
2.2368
2.2368
2.2368
1.7902
1.3883
1.7495
1.7495
1.7495
1.7495
1.7495
2.5855
2.5855
2.2895
2.2895
2.2895
2.2895
2.2895
2.6977
2.4017
2.4017
2.4017
2.4017
2.4017
2.7835
2.9646
2.9646
2.9646
3.3861
3.4633
3.1673
3.4855
3.1895
3.1895
3.8371
3.8371
3.8371
3.8371
3.8371
3.8371
3.8371
3.8371
